1.062385247923719689e+00 3.069078588748936909e-01 3.520193596457130703e-01 -8.746015932607882348e-01 -8.084411116588956503e-01 1.062391529118281497e+00 1.893361956306900851e+00 1.314502425418895726e+00
1.054561406487120045e+00 3.092930861424552647e-01 3.554609951218609121e-01 -8.716180813540260752e-01 -8.070769834252257136e-01 1.049678496410724637e+00 1.876544417399914400e+00 1.309527987755409129e+00
1.046737565050520180e+00 3.116783134100167829e-01 3.589026305980087539e-01 -8.686345694472640266e-01 -8.057128551915558878e-01 1.036965463703167556e+00 1.859726878492927948e+00 1.304553550091922753e+00
1.038913723613920537e+00 3.140635406775783567e-01 3.623442660741565957e-01 -8.656510575405018670e-01 -8.043487269578859511e-01 1.024252430995610696e+00 1.842909339585941497e+00 1.299579112428436156e+00
1.031089882177320893e+00 3.164487679451398749e-01 3.657859015503044375e-01 -8.626675456337397074e-01 -8.029845987242160144e-01 1.011539398288053837e+00 1.826091800678955046e+00 1.294604674764949559e+00
1.023266040740721028e+00 3.188339952127014487e-01 3.692275370264522794e-01 -8.596840337269776589e-01 -8.016204704905460776e-01 9.988263655804968666e-01 1.809274261771968373e+00 1.289630237101462962e+00
1.015442199304121385e+00 3.212192224802629670e-01 3.726691725026001212e-01 -8.567005218202154992e-01 -8.002563422568761409e-01 9.861133328729398961e-01 1.792456722864981922e+00 1.284655799437976365e+00
1.007618357867521741e+00 3.236044497478245408e-01 3.761108079787479630e-01 -8.537170099134534507e-01 -7.988922140232062041e-01 9.734003001653830367e-01 1.775639183957995471e+00 1.279681361774489767e+00
9.997945164309219868e-01 3.259896770153860590e-01 3.795524434548958048e-01 -8.507334980066912911e-01 -7.975280857895363784e-01 9.606872674578260662e-01 1.758821645051009019e+00 1.274706924111003392e+00
9.919706749943223434e-01 3.283749042829476328e-01 3.829940789310436466e-01 -8.477499860999292425e-01 -7.961639575558664417e-01 9.479742347502692068e-01 1.742004106144022568e+00 1.269732486447516795e+00
9.841468335577225890e-01 3.307601315505091510e-01 3.864357144071914885e-01 -8.447664741931670829e-01 -7.947998293221965049e-01 9.352612020427122363e-01 1.725186567237036117e+00 1.264758048784030198e+00
9.763229921211229456e-01 3.331453588180707248e-01 3.898773498833393303e-01 -8.417829622864050343e-01 -7.934357010885266792e-01 9.225481693351553769e-01 1.708369028330049666e+00 1.259783611120543823e+00
9.684991506845231912e-01 3.355305860856322431e-01 3.933189853594871721e-01 -8.387994503796428747e-01 -7.920715728548567425e-01 9.098351366275984065e-01 1.691551489423063215e+00 1.254809173457057225e+00
9.606753092479234368e-01 3.379158133531938168e-01 3.967606208356350139e-01 -8.358159384728807151e-01 -7.907074446211868057e-01 8.971221039200414360e-01 1.674733950516076764e+00 1.249834735793570628e+00
9.528514678113237935e-01 3.403010406207553351e-01 4.002022563117828557e-01 -8.328324265661186665e-01 -7.893433163875168690e-01 8.844090712124845766e-01 1.657916411609090312e+00 1.244860298130084031e+00
9.450276263747240391e-01 3.426862678883169089e-01 4.036438917879306976e-01 -8.298489146593565069e-01 -7.879791881538469323e-01 8.716960385049276061e-01 1.641098872702103861e+00 1.239885860466597434e+00
9.372037849381242847e-01 3.450714951558784827e-01 4.070855272640785394e-01 -8.268654027525943473e-01 -7.866150599201769955e-01 8.589830057973707467e-01 1.624281333795117410e+00 1.234911422803110836e+00
9.293799435015246413e-01 3.474567224234400009e-01 4.105271627402263812e-01 -8.238818908458322987e-01 -7.852509316865071698e-01 8.462699730898137762e-01 1.607463794888130737e+00 1.229936985139624461e+00
9.215561020649248869e-01 3.498419496910015747e-01 4.139687982163742230e-01 -8.208983789390701391e-01 -7.838868034528372331e-01 8.335569403822569168e-01 1.590646255981144286e+00 1.224962547476137864e+00
9.137322606283252435e-01 3.522271769585630929e-01 4.174104336925220649e-01 -8.179148670323080905e-01 -7.825226752191672963e-01 8.208439076746999463e-01 1.573828717074157835e+00 1.219988109812651267e+00
9.059084191917254891e-01 3.546124042261246667e-01 4.208520691686699067e-01 -8.149313551255459309e-01 -7.811585469854974706e-01 8.081308749671430869e-01 1.557011178167171384e+00 1.215013672149164670e+00
8.980845777551258458e-01 3.569976314936861850e-01 4.242937046448177485e-01 -8.119478432187838823e-01 -7.797944187518275339e-01 7.954178422595861164e-01 1.540193639260184932e+00 1.210039234485678072e+00
8.902607363185260914e-01 3.593828587612477587e-01 4.277353401209655903e-01 -8.089643313120217227e-01 -7.784302905181575971e-01 7.827048095520291460e-01 1.523376100353198481e+00 1.205064796822191475e+00
8.824368948819264480e-01 3.617680860288092770e-01 4.311769755971134321e-01 -8.059808194052596741e-01 -7.770661622844876604e-01 7.699917768444722865e-01 1.506558561446212030e+00 1.200090359158705100e+00
8.746130534453266936e-01 3.641533132963708508e-01 4.346186110732612740e-01 -8.029973074984975145e-01 -7.757020340508177236e-01 7.572787441369153161e-01 1.489741022539225579e+00 1.195115921495218503e+00
8.667892120087269392e-01 3.665385405639324246e-01 4.380602465494091158e-01 -8.000137955917353549e-01 -7.743379058171477869e-01 7.445657114293583456e-01 1.472923483632239128e+00 1.190141483831731906e+00
8.589653705721272958e-01 3.689237678314939428e-01 4.415018820255569576e-01 -7.970302836849733064e-01 -7.729737775834779612e-01 7.318526787218014862e-01 1.456105944725252455e+00 1.185167046168245530e+00
8.511415291355275414e-01 3.713089950990555166e-01 4.449435175017047994e-01 -7.940467717782111468e-01 -7.716096493498080244e-01 7.191396460142445157e-01 1.439288405818266003e+00 1.180192608504758933e+00
8.433176876989277870e-01 3.736942223666170348e-01 4.483851529778526412e-01 -7.910632598714489871e-01 -7.702455211161380877e-01 7.064266133066875453e-01 1.422470866911279552e+00 1.175218170841272336e+00
8.354938462623281437e-01 3.760794496341786086e-01 4.518267884540005386e-01 -7.880797479646869386e-01 -7.688813928824682620e-01 6.937135805991306858e-01 1.405653328004293101e+00 1.170243733177785739e+00
8.276700048257283893e-01 3.784646769017401269e-01 4.552684239301483804e-01 -7.850962360579247790e-01 -7.675172646487983252e-01 6.810005478915737154e-01 1.388835789097306650e+00 1.165269295514299142e+00
8.198461633891286349e-01 3.808499041693017007e-01 4.587100594062962222e-01 -7.821127241511626194e-01 -7.661531364151283885e-01 6.682875151840168559e-01 1.372018250190320199e+00 1.160294857850812544e+00
8.120223219525289915e-01 3.832351314368632189e-01 4.621516948824440640e-01 -7.791292122444005708e-01 -7.647890081814584518e-01 6.555744824764598855e-01 1.355200711283333748e+00 1.155320420187326169e+00
8.041984805159292371e-01 3.856203587044247927e-01 4.655933303585919059e-01 -7.761457003376384112e-01 -7.634248799477885150e-01 6.428614497689030260e-01 1.338383172376347297e+00 1.150345982523839572e+00
7.963746390793294827e-01 3.880055859719863665e-01 4.690349658347397477e-01 -7.731621884308762516e-01 -7.620607517141185783e-01 6.301484170613460556e-01 1.321565633469360845e+00 1.145371544860352975e+00
7.885507976427298393e-01 3.903908132395478847e-01 4.724766013108875895e-01 -7.701786765241142030e-01 -7.606966234804487526e-01 6.174353843537891962e-01 1.304748094562374172e+00 1.140397107196866600e+00
7.807269562061300849e-01 3.927760405071094585e-01 4.759182367870354313e-01 -7.671951646173520434e-01 -7.593324952467788158e-01 6.047223516462322257e-01 1.287930555655387721e+00 1.135422669533380002e+00
7.729031147695303305e-01 3.951612677746709767e-01 4.793598722631832731e-01 -7.642116527105899948e-01 -7.579683670131088791e-01 5.920093189386753663e-01 1.271113016748401270e+00 1.130448231869893405e+00
7.650792733329306872e-01 3.975464950422325505e-01 4.828015077393311150e-01 -7.612281408038278352e-01 -7.566042387794390534e-01 5.792962862311183958e-01 1.254295477841414819e+00 1.125473794206406808e+00
7.572554318963309328e-01 3.999317223097940688e-01 4.862431432154789568e-01 -7.582446288970657866e-01 -7.552401105457691166e-01 5.665832535235615364e-01 1.237477938934428368e+00 1.120499356542920211e+00
7.494315904597312894e-01 4.023169495773556426e-01 4.896847786916267986e-01 -7.552611169903036270e-01 -7.538759823120991799e-01 5.538702208160045659e-01 1.220660400027441916e+00 1.115524918879433613e+00
7.416077490231315350e-01 4.047021768449171608e-01 4.931264141677746404e-01 -7.522776050835415784e-01 -7.525118540784292431e-01 5.411571881084477065e-01 1.203842861120455465e+00 1.110550481215947238e+00
7.337839075865318916e-01 4.070874041124787346e-01 4.965680496439224823e-01 -7.492940931767794188e-01 -7.511477258447593064e-01 5.284441554008907360e-01 1.187025322213469014e+00 1.105576043552460641e+00
7.259600661499321372e-01 4.094726313800402528e-01 5.000096851200703796e-01 -7.463105812700172592e-01 -7.497835976110893697e-01 5.157311226933337656e-01 1.170207783306482563e+00 1.100601605888974044e+00
7.181362247133324939e-01 4.118578586476018266e-01 5.034513205962182214e-01 -7.433270693632552106e-01 -7.484194693774195439e-01 5.030180899857769061e-01 1.153390244399495890e+00 1.095627168225487669e+00
7.103123832767327395e-01 4.142430859151633449e-01 5.068929560723660632e-01 -7.403435574564930510e-01 -7.470553411437496072e-01 4.903050572782199357e-01 1.136572705492509439e+00 1.090652730562001071e+00
7.024885418401330961e-01 4.166283131827249187e-01 5.103345915485139050e-01 -7.373600455497310024e-01 -7.456912129100796705e-01 4.775920245706630207e-01 1.119755166585522987e+00 1.085678292898514474e+00
6.946647004035333417e-01 4.190135404502864369e-01 5.137762270246616358e-01 -7.343765336429688428e-01 -7.443270846764098447e-01 4.648789918631060503e-01 1.102937627678536536e+00 1.080703855235027877e+00
6.868408589669336983e-01 4.213987677178480107e-01 5.172178625008094777e-01 -7.313930217362067943e-01 -7.429629564427399080e-01 4.521659591555491353e-01 1.086120088771550085e+00 1.075729417571541280e+00
6.790170175303339439e-01 4.237839949854095845e-01 5.206594979769573195e-01 -7.284095098294446347e-01 -7.415988282090699713e-01 4.394529264479922204e-01 1.069302549864563634e+00 1.070754979908054683e+00
6.711931760937343006e-01 4.261692222529711027e-01 5.241011334531052723e-01 -7.254259979226825861e-01 -7.402346999754000345e-01 4.267398937404352499e-01 1.052485010957577183e+00 1.065780542244568307e+00
6.633693346571345462e-01 4.285544495205326765e-01 5.275427689292531142e-01 -7.224424860159204265e-01 -7.388705717417300978e-01 4.140268610328783350e-01 1.035667472050590732e+00 1.060806104581081710e+00
6.555454932205347918e-01 4.309396767880942503e-01 5.309844044054009560e-01 -7.194589741091582669e-01 -7.375064435080601610e-01 4.013138283253214200e-01 1.018849933143604281e+00 1.055831666917595113e+00
6.477216517839351484e-01 4.333249040556557685e-01 5.344260398815486868e-01 -7.164754622023962183e-01 -7.361423152743903353e-01 3.886007956177645606e-01 1.002032394236617829e+00 1.050857229254108738e+00
6.398978103473353940e-01 4.357101313232173423e-01 5.378676753576965286e-01 -7.134919502956340587e-01 -7.347781870407203986e-01 3.758877629102076456e-01 9.852148553296312672e-01 1.045882791590622141e+00
6.320739689107356396e-01 4.380953585907788606e-01 5.413093108338443704e-01 -7.105084383888718991e-01 -7.334140588070504618e-01 3.631747302026507307e-01 9.683973164226448160e-01 1.040908353927135543e+00
6.242501274741359962e-01 4.404805858583403788e-01 5.447509463099923233e-01 -7.075249264821098505e-01 -7.320499305733806361e-01 3.504616974950937602e-01 9.515797775156583649e-01 1.035933916263648946e+00
6.164262860375362418e-01 4.428658131259018971e-01 5.481925817861401651e-01 -7.045414145753476909e-01 -7.306858023397106994e-01 3.377486647875368453e-01 9.347622386086719137e-01 1.030959478600162349e+00
6.086024446009364874e-01 4.452510403934634708e-01 5.516342172622880069e-01 -7.015579026685855313e-01 -7.293216741060407626e-01 3.250356320799799303e-01 9.179446997016854626e-01 1.025985040936675752e+00
6.007786031643368441e-01 4.476362676610249891e-01 5.550758527384358487e-01 -6.985743907618234827e-01 -7.279575458723709369e-01 3.123225993724229599e-01 9.011271607946989004e-01 1.021010603273189377e+00
5.929547617277370897e-01 4.500214949285865629e-01 5.585174882145836905e-01 -6.955908788550613231e-01 -7.265934176387010002e-01 2.996095666648660449e-01 8.843096218877124493e-01 1.016036165609702779e+00
5.851309202911373353e-01 4.524067221961481366e-01 5.619591236907315324e-01 -6.926073669482991635e-01 -7.252292894050310634e-01 2.868965339573091300e-01 8.674920829807259981e-01 1.011061727946216182e+00
5.773070788545376919e-01 4.547919494637096549e-01 5.654007591668793742e-01 -6.896238550415371149e-01 -7.238651611713611267e-01 2.741835012497522706e-01 8.506745440737395469e-01 1.006087290282729807e+00
5.694832374179379375e-01 4.571771767312712287e-01 5.688423946430272160e-01 -6.866403431347749553e-01 -7.225010329376911900e-01 2.614704685421953556e-01 8.338570051667530958e-01 1.001112852619243210e+00
5.616593959813381831e-01 4.595624039988328025e-01 5.722840301191750578e-01 -6.836568312280129067e-01 -7.211369047040212532e-01 2.487574358346384129e-01 8.170394662597665336e-01 9.961384149557566126e-01
5.538355545447385397e-01 4.619476312663943207e-01 5.757256655953228996e-01 -6.806733193212507471e-01 -7.197727764703514275e-01 2.360444031270814980e-01 8.002219273527800825e-01 9.911639772922700153e-01
5.460117131081387853e-01 4.643328585339558945e-01 5.791673010714707415e-01 -6.776898074144886985e-01 -7.184086482366814908e-01 2.233313704195245553e-01 7.834043884457935203e-01 9.861895396287834181e-01
5.381878716715391420e-01 4.667180858015174127e-01 5.826089365476185833e-01 -6.747062955077265389e-01 -7.170445200030115540e-01 2.106183377119676126e-01 7.665868495388070691e-01 9.812151019652969319e-01
5.303640302349393876e-01 4.691033130690789865e-01 5.860505720237664251e-01 -6.717227836009644903e-01 -7.156803917693417283e-01 1.979053050044106976e-01 7.497693106318206180e-01 9.762406643018103347e-01
5.225401887983397442e-01 4.714885403366405048e-01 5.894922074999142669e-01 -6.687392716942023307e-01 -7.143162635356717916e-01 1.851922722968537549e-01 7.329517717248341668e-01 9.712662266383238485e-01
5.147163473617399898e-01 4.738737676042020786e-01 5.929338429760621088e-01 -6.657557597874401711e-01 -7.129521353020018548e-01 1.724792395892968122e-01 7.161342328178477157e-01 9.662917889748372513e-01
5.068925059251403464e-01 4.762589948717635968e-01 5.963754784522099506e-01 -6.627722478806781226e-01 -7.115880070683319181e-01 1.597662068817398973e-01 6.993166939108612645e-01 9.613173513113507651e-01
4.990686644885405920e-01 4.786442221393251706e-01 5.998171139283577924e-01 -6.597887359739159630e-01 -7.102238788346619813e-01 1.470531741741829546e-01 6.824991550038748134e-01 9.563429136478641679e-01
4.912448230519408932e-01 4.810294494068866888e-01 6.032587494045056342e-01 -6.568052240671539144e-01 -7.088597506009920446e-01 1.343401414666260674e-01 6.656816160968883622e-01 9.513684759843775707e-01
4.834209816153412498e-01 4.834146766744482626e-01 6.067003848806534760e-01 -6.538217121603917548e-01 -7.074956223673222189e-01 1.216271087590691663e-01 6.488640771899019111e-01 9.463940383208910845e-01
4.755971401787415509e-01 4.857999039420097809e-01 6.101420203568013179e-01 -6.508382002536297062e-01 -7.061314941336522821e-01 1.089140760515122652e-01 6.320465382829154599e-01 9.414196006574044873e-01
4.677732987421417965e-01 4.881851312095713546e-01 6.135836558329491597e-01 -6.478546883468675466e-01 -7.047673658999823454e-01 9.620104334395533641e-02 6.152289993759288977e-01 9.364451629939180011e-01
4.599494573055420421e-01 4.905703584771328729e-01 6.170252913090970015e-01 -6.448711764401054980e-01 -7.034032376663125197e-01 8.348801063639839370e-02 5.984114604689424466e-01 9.314707253304314039e-01
4.521256158689422877e-01 4.929555857446944467e-01 6.204669267852448433e-01 -6.418876645333433384e-01 -7.020391094326425829e-01 7.077497792884146488e-02 5.815939215619558844e-01 9.264962876669449177e-01
4.443017744323425888e-01 4.953408130122560205e-01 6.239085622613926851e-01 -6.389041526265811788e-01 -7.006749811989726462e-01 5.806194522128457075e-02 5.647763826549694333e-01 9.215218500034583204e-01
4.364779329957429455e-01 4.977260402798175387e-01 6.273501977375405270e-01 -6.359206407198191302e-01 -6.993108529653027094e-01 4.534891251372767662e-02 5.479588437479829821e-01 9.165474123399718342e-01
4.286540915591432466e-01 5.001112675473791125e-01 6.307918332136883688e-01 -6.329371288130569706e-01 -6.979467247316327727e-01 3.263587980617077555e-02 5.311413048409965310e-01 9.115729746764852370e-01
4.208302501225435477e-01 5.024964948149406307e-01 6.342334686898362106e-01 -6.299536169062948110e-01 -6.965825964979628360e-01 1.992284709861383979e-02 5.143237659340099688e-01 9.065985370129986398e-01
4.130064086859437933e-01 5.048817220825022600e-01 6.376751041659840524e-01 -6.269701049995327624e-01 -6.952184682642930103e-01 7.209814391056907495e-03 4.975062270270234621e-01 9.016240993495121536e-01
4.051825672493440944e-01 5.072669493500637783e-01 6.411167396421318943e-01 -6.239865930927706028e-01 -6.938543400306230735e-01 -5.503218316500024798e-03 4.806886881200369555e-01 8.966496616860255564e-01
3.973587258127443955e-01 5.096521766176252966e-01 6.445583751182797361e-01 -6.210030811860084432e-01 -6.924902117969531368e-01 -1.821625102405696056e-02 4.638711492130505043e-01 8.916752240225390702e-01
3.895348843761446411e-01 5.120374038851869258e-01 6.480000105944275779e-01 -6.180195692792463946e-01 -6.911260835632833111e-01 -3.092928373161389285e-02 4.470536103060640531e-01 8.867007863590524730e-01
3.817110429395449422e-01 5.144226311527484441e-01 6.514416460705754197e-01 -6.150360573724842350e-01 -6.897619553296133743e-01 -4.364231643917082515e-02 4.302360713990776020e-01 8.817263486955659868e-01
3.738872015029452434e-01 5.168078584203099624e-01 6.548832815467232615e-01 -6.120525454657220754e-01 -6.883978270959434376e-01 -5.635534914672776091e-02 4.134185324920911508e-01 8.767519110320793896e-01
3.660633600663454890e-01 5.191930856878714806e-01 6.583249170228711034e-01 -6.090690335589600268e-01 -6.870336988622735008e-01 -6.906838185428469667e-02 3.966009935851046997e-01 8.717774733685927924e-01
3.582395186297457901e-01 5.215783129554329989e-01 6.617665524990189452e-01 -6.060855216521978672e-01 -6.856695706286035641e-01 -8.178141456184162550e-02 3.797834546781182485e-01 8.668030357051061952e-01
3.504156771931460912e-01 5.239635402229945171e-01 6.652081879751667870e-01 -6.031020097454357076e-01 -6.843054423949336273e-01 -9.449444726939855432e-02 3.629659157711317974e-01 8.618285980416197090e-01
3.425918357565464478e-01 5.263487674905561464e-01 6.686498234513146288e-01 -6.001184978386736590e-01 -6.829413141612638016e-01 -1.072074799769554970e-01 3.461483768641453462e-01 8.568541603781331117e-01
3.347679943199467489e-01 5.287339947581176647e-01 6.720914589274624706e-01 -5.971349859319114994e-01 -6.815771859275938649e-01 -1.199205126845124258e-01 3.293308379571588951e-01 8.518797227146466255e-01
3.269441528833470501e-01 5.311192220256791829e-01 6.755330944036103125e-01 -5.941514740251494509e-01 -6.802130576939239281e-01 -1.326335453920693686e-01 3.125132990501723884e-01 8.469052850511601394e-01
3.191203114467472957e-01 5.335044492932408122e-01 6.789747298797581543e-01 -5.911679621183872912e-01 -6.788489294602541024e-01 -1.453465780996262835e-01 2.956957601431858262e-01 8.419308473876735421e-01
3.112964700101475968e-01 5.358896765608023305e-01 6.824163653559059961e-01 -5.881844502116252427e-01 -6.774848012265841657e-01 -1.580596108071832262e-01 2.788782212361993196e-01 8.369564097241870559e-01
3.034726285735478979e-01 5.382749038283638487e-01 6.858580008320538379e-01 -5.852009383048630831e-01 -6.761206729929142289e-01 -1.707726435147401689e-01 2.620606823292128684e-01 8.319819720607004587e-01
2.956487871369481435e-01 5.406601310959254780e-01 6.892996363082016797e-01 -5.822174263981010345e-01 -6.747565447592442922e-01 -1.834856762222970838e-01 2.452431434222264173e-01 8.270075343972139725e-01
2.878249457003484446e-01 5.430453583634869963e-01 6.927412717843495216e-01 -5.792339144913388749e-01 -6.733924165255743555e-01 -1.961987089298540266e-01 2.284256045152399661e-01 8.220330967337273753e-01
2.800011042637487457e-01 5.454305856310485145e-01 6.961829072604973634e-01 -5.762504025845767153e-01 -6.720282882919044187e-01 -2.089117416374109693e-01 2.116080656082534317e-01 8.170586590702407781e-01
2.721772628271489913e-01 5.478158128986101438e-01 6.996245427366452052e-01 -5.732668906778146667e-01 -6.706641600582345930e-01 -2.216247743449678842e-01 1.947905267012669250e-01 8.120842214067542919e-01
2.643534213905492924e-01 5.502010401661716621e-01 7.030661782127930470e-01 -5.702833787710525071e-01 -6.693000318245646563e-01 -2.343378070525248269e-01 1.779729877942803906e-01 8.071097837432676947e-01
2.565295799539495936e-01 5.525862674337331804e-01 7.065078136889408889e-01 -5.672998668642904585e-01 -6.679359035908947195e-01 -2.470508397600816863e-01 1.611554488872940227e-01 8.021353460797810975e-01
2.487057385173499224e-01 5.549714947012946986e-01 7.099494491650887307e-01 -5.643163549575282989e-01 -6.665717753572248938e-01 -2.597638724676385458e-01 1.443379099803076271e-01 7.971609084162946113e-01
2.408818970807502513e-01 5.573567219688562169e-01 7.133910846412365725e-01 -5.613328430507662503e-01 -6.652076471235549571e-01 -2.724769051751954052e-01 1.275203710733212592e-01 7.921864707528080141e-01
2.330580556441504969e-01 5.597419492364178462e-01 7.168327201173844143e-01 -5.583493311440040907e-01 -6.638435188898850203e-01 -2.851899378827523202e-01 1.107028321663347387e-01 7.872120330893214168e-01
2.252342142075507425e-01 5.621271765039793644e-01 7.202743555935322561e-01 -5.553658192372420421e-01 -6.624793906562150836e-01 -2.979029705903092906e-01 9.388529325934821812e-02 7.822375954258349307e-01
2.174103727709509881e-01 5.645124037715409937e-01 7.237159910696800980e-01 -5.523823073304798825e-01 -6.611152624225451468e-01 -3.106160032978662056e-01 7.706775435236168370e-02 7.772631577623483334e-01
2.095865313343512892e-01 5.668976310391025120e-01 7.271576265458279398e-01 -5.493987954237177229e-01 -6.597511341888752101e-01 -3.233290360054231205e-01 6.025021544537523949e-02 7.722887200988618472e-01
2.017626898977515904e-01 5.692828583066640302e-01 7.305992620219757816e-01 -5.464152835169556743e-01 -6.583870059552053844e-01 -3.360420687129799799e-01 4.343267653838879527e-02 7.673142824353752500e-01
1.939388484611518915e-01 5.716680855742255485e-01 7.340408974981236234e-01 -5.434317716101935147e-01 -6.570228777215354476e-01 -3.487551014205368949e-01 2.661513763140235106e-02 7.623398447718887638e-01
1.915146847467294466e-01 5.863983940259857031e-01 7.348658072411199393e-01 -5.366393213805960016e-01 -6.570602406544655549e-01 -3.443950286518647208e-01 2.628315406577239055e-02 7.528116240287727745e-01
1.890905210323069741e-01 6.011287024777458576e-01 7.356907169841162553e-01 -5.298468711509984885e-01 -6.570976035873956622e-01 -3.400349558831925467e-01 2.595117050014243004e-02 7.432834032856566742e-01
1.866663573178845015e-01 6.158590109295059012e-01 7.365156267271125712e-01 -5.230544209214009754e-01 -6.571349665203257695e-01 -3.356748831145204282e-01 2.561918693451246953e-02 7.337551825425405738e-01
1.842421936034620567e-01 6.305893193812660558e-01 7.373405364701088871e-01 -5.162619706918034623e-01 -6.571723294532558768e-01 -3.313148103458482541e-01 2.528720336888250902e-02 7.242269617994245845e-01
1.818180298890396118e-01 6.453196278330262103e-01 7.381654462131052030e-01 -5.094695204622059492e-01 -6.572096923861859841e-01 -3.269547375771760800e-01 2.495521980325254852e-02 7.146987410563085952e-01
1.793938661746171392e-01 6.600499362847862539e-01 7.389903559561015189e-01 -5.026770702326084361e-01 -6.572470553191160914e-01 -3.225946648085039614e-01 2.462323623762258801e-02 7.051705203131924948e-01
1.769697024601946667e-01 6.747802447365464085e-01 7.398152656990977238e-01 -4.958846200030108675e-01 -6.572844182520461986e-01 -3.182345920398317873e-01 2.429125267199262750e-02 6.956422995700763945e-01
1.745455387457722218e-01 6.895105531883065630e-01 7.406401754420940398e-01 -4.890921697734133544e-01 -6.573217811849763059e-01 -3.138745192711596133e-01 2.395926910636266699e-02 6.861140788269604052e-01
1.721213750313497770e-01 7.042408616400667176e-01 7.414650851850903557e-01 -4.822997195438158413e-01 -6.573591441179064132e-01 -3.095144465024874392e-01 2.362728554073270648e-02 6.765858580838444158e-01
1.696972113169273044e-01 7.189711700918268722e-01 7.422899949280866716e-01 -4.755072693142183282e-01 -6.573965070508365205e-01 -3.051543737338152651e-01 2.329530197510274597e-02 6.670576373407283155e-01
1.672730476025048318e-01 7.337014785435869157e-01 7.431149046710829875e-01 -4.687148190846208151e-01 -6.574338699837667388e-01 -3.007943009651430910e-01 2.296331840947278546e-02 6.575294165976122152e-01
1.648488838880823870e-01 7.484317869953470703e-01 7.439398144140793034e-01 -4.619223688550233020e-01 -6.574712329166968461e-01 -2.964342281964709169e-01 2.263133484384282496e-02 6.480011958544962258e-01
1.624247201736599422e-01 7.631620954471072249e-01 7.447647241570756194e-01 -4.551299186254257889e-01 -6.575085958496269534e-01 -2.920741554277987428e-01 2.229935127821286445e-02 6.384729751113802365e-01
1.600005564592374696e-01 7.778924038988672685e-01 7.455896339000718243e-01 -4.483374683958282758e-01 -6.575459587825570607e-01 -2.877140826591265688e-01 2.196736771258290394e-02 6.289447543682641362e-01
1.575763927448149970e-01 7.926227123506274230e-01 7.464145436430681402e-01 -4.415450181662307627e-01 -6.575833217154871679e-01 -2.833540098904544502e-01 2.163538414695294343e-02 6.194165336251480358e-01
1.551522290303925522e-01 8.073530208023875776e-01 7.472394533860644561e-01 -4.347525679366332496e-01 -6.576206846484172752e-01 -2.789939371217822761e-01 2.130340058132298292e-02 6.098883128820320465e-01
1.527280653159701074e-01 8.220833292541477322e-01 7.480643631290607720e-01 -4.279601177070357365e-01 -6.576580475813473825e-01 -2.746338643531101020e-01 2.097141701569302241e-02 6.003600921389160572e-01
1.503039016015476348e-01 8.368136377059078868e-01 7.488892728720570879e-01 -4.211676674774381679e-01 -6.576954105142774898e-01 -2.702737915844379835e-01 2.063943345006306190e-02 5.908318713957999568e-01
1.478797378871251622e-01 8.515439461576680413e-01 7.497141826150534039e-01 -4.143752172478406548e-01 -6.577327734472075971e-01 -2.659137188157658094e-01 2.030744988443310139e-02 5.813036506526838565e-01
1.454555741727027174e-01 8.662742546094281959e-01 7.505390923580497198e-01 -4.075827670182431417e-01 -6.577701363801377044e-01 -2.615536460470936353e-01 1.997546631880314089e-02 5.717754299095678672e-01
1.430314104582802726e-01 8.810045630611882395e-01 7.513640021010460357e-01 -4.007903167886456286e-01 -6.578074993130678116e-01 -2.571935732784214612e-01 1.964348275317318038e-02 5.622472091664518778e-01
1.406072467438578277e-01 8.957348715129483940e-01 7.521889118440423516e-01 -3.939978665590481155e-01 -6.578448622459980299e-01 -2.528335005097492871e-01 1.931149918754321987e-02 5.527189884233357775e-01
1.381830830294353551e-01 9.104651799647085486e-01 7.530138215870385565e-01 -3.872054163294506024e-01 -6.578822251789281372e-01 -2.484734277410771686e-01 1.897951562191325936e-02 5.431907676802196772e-01
1.357589193150129103e-01 9.251954884164685922e-01 7.538387313300348724e-01 -3.804129660998530893e-01 -6.579195881118582445e-01 -2.441133549724049945e-01 1.864753205628329885e-02 5.336625469371036878e-01
1.333347556005904377e-01 9.399257968682287467e-01 7.546636410730311884e-01 -3.736205158702555762e-01 -6.579569510447883518e-01 -2.397532822037328204e-01 1.831554849065333834e-02 5.241343261939876985e-01
1.309105918861679929e-01 9.546561053199889013e-01 7.554885508160275043e-01 -3.668280656406580631e-01 -6.579943139777184591e-01 -2.353932094350606741e-01 1.798356492502337783e-02 5.146061054508715982e-01
1.284864281717455481e-01 9.693864137717490559e-01 7.563134605590238202e-01 -3.600356154110605500e-01 -6.580316769106485664e-01 -2.310331366663885277e-01 1.765158135939341733e-02 5.050778847077554978e-01
1.260622644573230755e-01 9.841167222235092105e-01 7.571383703020201361e-01 -3.532431651814630369e-01 -6.580690398435786737e-01 -2.266730638977163537e-01 1.731959779376345682e-02 4.955496639646395085e-01
1.236381007429006168e-01 9.988470306752693650e-01 7.579632800450164520e-01 -3.464507149518655238e-01 -6.581064027765087809e-01 -2.223129911290441796e-01 1.698761422813349631e-02 4.860214432215234637e-01
1.212139370284781581e-01 1.013577339127029520e+00 7.587881897880126569e-01 -3.396582647222680107e-01 -6.581437657094388882e-01 -2.179529183603720055e-01 1.665563066250353580e-02 4.764932224784074188e-01
1.187897733140556855e-01 1.028307647578789563e+00 7.596130995310089729e-01 -3.328658144926704976e-01 -6.581811286423689955e-01 -2.135928455916998592e-01 1.632364709687357529e-02 4.669650017352913185e-01
1.163656095996332268e-01 1.043037956030549829e+00 7.604380092740052888e-01 -3.260733642630729845e-01 -6.582184915752991028e-01 -2.092327728230276851e-01 1.599166353124361478e-02 4.574367809921752737e-01
1.139414458852107681e-01 1.057768264482309872e+00 7.612629190170016047e-01 -3.192809140334754714e-01 -6.582558545082292101e-01 -2.048727000543555110e-01 1.565967996561365427e-02 4.479085602490592288e-01
1.115172821707883233e-01 1.072498572934069916e+00 7.620878287599979206e-01 -3.124884638038779583e-01 -6.582932174411593174e-01 -2.005126272856833647e-01 1.532769639998369376e-02 4.383803395059431840e-01
1.090931184563658646e-01 1.087228881385830181e+00 7.629127385029942365e-01 -3.056960135742803897e-01 -6.583305803740894246e-01 -1.961525545170111906e-01 1.499571283435373326e-02 4.288521187628271392e-01
1.066689547419434059e-01 1.101959189837590225e+00 7.637376482459905525e-01 -2.989035633446828766e-01 -6.583679433070195319e-01 -1.917924817483390165e-01 1.466372926872377275e-02 4.193238980197110943e-01
1.042447910275209472e-01 1.116689498289350269e+00 7.645625579889868684e-01 -2.921111131150853635e-01 -6.584053062399496392e-01 -1.874324089796668424e-01 1.433174570309381224e-02 4.097956772765950495e-01
1.018206273130984885e-01 1.131419806741110534e+00 7.653874677319831843e-01 -2.853186628854878504e-01 -6.584426691728797465e-01 -1.830723362109946961e-01 1.399976213746385173e-02 4.002674565334790047e-01
9.939646359867602976e-02 1.146150115192870578e+00 7.662123774749795002e-01 -2.785262126558903373e-01 -6.584800321058098538e-01 -1.787122634423225498e-01 1.366777857183389122e-02 3.907392357903629598e-01
9.697229988425357106e-02 1.160880423644630621e+00 7.670372872179758161e-01 -2.717337624262928242e-01 -6.585173950387399611e-01 -1.743521906736503757e-01 1.333579500620393071e-02 3.812110150472469150e-01
9.454813616983111235e-02 1.175610732096390887e+00 7.678621969609721321e-01 -2.649413121966953111e-01 -6.585547579716700684e-01 -1.699921179049782016e-01 1.300381144057397020e-02 3.716827943041308702e-01
9.212397245540865365e-02 1.190341040548150930e+00 7.686871067039684480e-01 -2.581488619670977425e-01 -6.585921209046001756e-01 -1.656320451363060275e-01 1.267182787494400970e-02 3.621545735610147698e-01
8.969980874098619494e-02 1.205071348999910974e+00 7.695120164469646529e-01 -2.513564117375002294e-01 -6.586294838375303939e-01 -1.612719723676338812e-01 1.233984430931404745e-02 3.526263528178987250e-01
8.727564502656373624e-02 1.219801657451671240e+00 7.703369261899609688e-01 -2.445639615079027163e-01 -6.586668467704605012e-01 -1.569118995989617071e-01 1.200786074368408694e-02 3.430981320747826802e-01
8.485148131214127754e-02 1.234531965903431505e+00 7.711618359329572847e-01 -2.377715112783052032e-01 -6.587042097033906085e-01 -1.525518268302895608e-01 1.167587717805412643e-02 3.335699113316666353e-01
8.242731759771881883e-02 1.249262274355191549e+00 7.719867456759536006e-01 -2.309790610487077178e-01 -6.587415726363207158e-01 -1.481917540616173867e-01 1.134389361242416766e-02 3.240416905885505905e-01
8.000315388329637400e-02 1.263992582806951592e+00 7.728116554189499166e-01 -2.241866108191102325e-01 -6.587789355692508231e-01 -1.438316812929452126e-01 1.101191004679420715e-02 3.145134698454346012e-01
7.757899016887391530e-02 1.278722891258711858e+00 7.736365651619462325e-01 -2.173941605895127194e-01 -6.588162985021809304e-01 -1.394716085242730663e-01 1.067992648116424664e-02 3.049852491023185563e-01
7.515482645445145660e-02 1.293453199710472123e+00 7.744614749049425484e-01 -2.106017103599152063e-01 -6.588536614351110376e-01 -1.351115357556009200e-01 1.034794291553428613e-02 2.954570283592025115e-01
7.273066274002898401e-02 1.308183508162232167e+00 7.752863846479387533e-01 -2.038092601303176654e-01 -6.588910243680411449e-01 -1.307514629869287459e-01 1.001595934990432563e-02 2.859288076160864112e-01
7.030649902560652531e-02 1.322913816613992211e+00 7.761112943909350692e-01 -1.970168099007201246e-01 -6.589283873009712522e-01 -1.263913902182565718e-01 9.683975784274365117e-03 2.764005868729703663e-01
6.788233531118406661e-02 1.337644125065752476e+00 7.769362041339313851e-01 -1.902243596711226115e-01 -6.589657502339013595e-01 -1.220313174495844255e-01 9.351992218644404609e-03 2.668723661298543215e-01
6.545817159676162178e-02 1.352374433517512520e+00 7.777611138769277010e-01 -1.834319094415250984e-01 -6.590031131668314668e-01 -1.176712446809122653e-01 9.020008653014444100e-03 2.573441453867383322e-01
6.303400788233916308e-02 1.367104741969272563e+00 7.785860236199240170e-01 -1.766394592119275853e-01 -6.590404760997616851e-01 -1.133111719122401051e-01 8.688025087384483591e-03 2.478159246436222873e-01
6.060984416791671131e-02 1.381835050421032607e+00 7.794109333629203329e-01 -1.698470089823300722e-01 -6.590778390326917924e-01 -1.089510991435679449e-01 8.356041521754523083e-03 2.382877039005062703e-01
5.818568045349425955e-02 1.396565358872792650e+00 7.802358431059166488e-01 -1.630545587527325591e-01 -6.591152019656218997e-01 -1.045910263748957847e-01 8.024057956124562574e-03 2.287594831573902532e-01
5.576151673907180084e-02 1.411295667324552916e+00 7.810607528489129647e-01 -1.562621085231350460e-01 -6.591525648985520069e-01 -1.002309536062236106e-01 7.692074390494602065e-03 2.192312624142741806e-01
5.333735302464934214e-02 1.426025975776312960e+00 7.818856625919092806e-01 -1.494696582935375329e-01 -6.591899278314821142e-01 -9.587088083755145040e-02 7.360090824864641557e-03 2.097030416711581080e-01
5.091318931022688343e-02 1.440756284228073003e+00 7.827105723349054855e-01 -1.426772080639400198e-01 -6.592272907644122215e-01 -9.151080806887929020e-02 7.028107259234681048e-03 2.001748209280420354e-01
4.848902559580442473e-02 1.455486592679833269e+00 7.835354820779018015e-01 -1.358847578343425067e-01 -6.592646536973423288e-01 -8.715073530020711612e-02 6.696123693604720539e-03 1.906466001849259628e-01
4.606486188138195909e-02 1.470216901131593534e+00 7.843603918208981174e-01 -1.290923076047449936e-01 -6.593020166302724361e-01 -8.279066253153495591e-02 6.364140127974760031e-03 1.811183794418099180e-01
4.364069816695949344e-02 1.484947209583353578e+00 7.851853015638944333e-01 -1.222998573751474527e-01 -6.593393795632025434e-01 -7.843058976286279571e-02 6.032156562344799522e-03 1.715901586986938732e-01
4.121653445253702780e-02 1.499677518035113621e+00 7.860102113068907492e-01 -1.155074071455499257e-01 -6.593767424961326507e-01 -7.407051699419063551e-02 5.700172996714839013e-03 1.620619379555778283e-01
3.879237073811456216e-02 1.514407826486873887e+00 7.868351210498870651e-01 -1.087149569159523987e-01 -6.594141054290627579e-01 -6.971044422551847530e-02 5.368189431084878505e-03 1.525337172124617835e-01
3.636820702369211039e-02 1.529138134938633931e+00 7.876600307928833811e-01 -1.019225066863548856e-01 -6.594514683619928652e-01 -6.535037145684631510e-02 5.036205865454917996e-03 1.430054964693457387e-01
3.394404330926965863e-02 1.543868443390393974e+00 7.884849405358795860e-01 -9.513005645675737254e-02 -6.594888312949229725e-01 -6.099029868817415490e-02 4.704222299824957487e-03 1.334772757262296938e-01
3.151987959484720686e-02 1.558598751842154240e+00 7.893098502788759019e-01 -8.833760622715985944e-02 -6.595261942278530798e-01 -5.663022591950199469e-02 4.372238734194996979e-03 1.239490549831136490e-01
2.909571588042475510e-02 1.573329060293914283e+00 7.901347600218722178e-01 -8.154515599756234634e-02 -6.595635571607831871e-01 -5.227015315082983449e-02 4.040255168565036470e-03 1.144208342399976042e-01
2.667155216600229639e-02 1.588059368745674327e+00 7.909596697648685337e-01 -7.475270576796481936e-02 -6.596009200937132944e-01 -4.791008038215766041e-02 3.708271602935075961e-03 1.048926134968815593e-01
2.424738845157983769e-02 1.602789677197434592e+00 7.917845795078648496e-01 -6.796025553836729238e-02 -6.596382830266434016e-01 -4.355000761348548632e-02 3.376288037305115453e-03 9.536439275376551450e-02
2.182322473715737898e-02 1.617519985649194858e+00 7.926094892508611656e-01 -6.116780530876976540e-02 -6.596756459595735089e-01 -3.918993484481331224e-02 3.044304471675154944e-03 8.583617201064946967e-02
1.939906102273492028e-02 1.632250294100954902e+00 7.934343989938574815e-01 -5.437535507917223843e-02 -6.597130088925036162e-01 -3.482986207614113816e-02 2.712320906045194435e-03 7.630795126753342483e-02
1.697489730831246157e-02 1.646980602552714945e+00 7.942593087368537974e-01 -4.758290484957472533e-02 -6.597503718254337235e-01 -3.046978930746897796e-02 2.380337340415233927e-03 6.677973052441738000e-02
1.455073359389000287e-02 1.661710911004475211e+00 7.950842184798501133e-01 -4.079045461997721223e-02 -6.597877347583638308e-01 -2.610971653879681775e-02 2.048353774785273418e-03 5.725150978130133517e-02
1.212656987946754417e-02 1.676441219456235254e+00 7.959091282228463182e-01 -3.399800439037969912e-02 -6.598250976912940491e-01 -2.174964377012465755e-02 1.716370209155312909e-03 4.772328903818529033e-02
9.702406165045085462e-03 1.691171527907995298e+00 7.967340379658426341e-01 -2.720555416078218602e-02 -6.598624606242241564e-01 -1.738957100145249735e-02 1.384386643525352401e-03 3.819506829506924550e-02
7.278242450622624156e-03 1.705901836359755563e+00 7.975589477088389501e-01 -2.041310393118466252e-02 -6.598998235571542637e-01 -1.302949823278033367e-02 1.052403077895391892e-03 2.866684755195320067e-02
4.854078736200162850e-03 1.720632144811515607e+00 7.983838574518352660e-01 -1.362065370158713901e-02 -6.599371864900843709e-01 -8.669425464108171733e-03 7.204195122654314916e-04 1.913862680883715930e-02
2.429915021777701543e-03 1.735362453263275651e+00 7.992087671948315819e-01 -6.828203471989615497e-03 -6.599745494230144782e-01 -4.309352695436009795e-03 3.884359466354710914e-04 9.610406065721117941e-03
5.751307355239993228e-06 1.750092761715035916e+00 8.000336769378278978e-01 -3.575324239209295063e-05 -6.600119123559445855e-01 5.072007323615253694e-05 5.645238100551067757e-05 8.218532260507344664e-05
