1.573045843351219553e+00 7.725869746943496708e-01 -2.566270848963250195e-01 -6.849713814897953057e-01 -6.246307475393213515e-01 1.726803197532614575e+00 1.664246018665649807e+00 -1.116653056769084884e+00
1.554807204823021038e+00 7.367877231791590820e-01 -2.650204378652580295e-01 -6.820843675153512864e-01 -6.212594006682634618e-01 1.680331576810628391e+00 1.646260295708500632e+00 -1.098628393591625896e+00
1.536568566294822746e+00 7.009884716639684932e-01 -2.734137908341910395e-01 -6.791973535409071561e-01 -6.178880537972054610e-01 1.633859956088642207e+00 1.628274572751351235e+00 -1.080603730414166685e+00
1.518329927766624232e+00 6.651892201487780154e-01 -2.818071438031240494e-01 -6.763103395664631368e-01 -6.145167069261475712e-01 1.587388335366656023e+00 1.610288849794202060e+00 -1.062579067236707697e+00
1.500091289238425718e+00 6.293899686335874266e-01 -2.902004967720570594e-01 -6.734233255920191175e-01 -6.111453600550896814e-01 1.540916714644669616e+00 1.592303126837052663e+00 -1.044554404059248709e+00
1.481852650710227426e+00 5.935907171183969488e-01 -2.985938497409900139e-01 -6.705363116175749871e-01 -6.077740131840317916e-01 1.494445093922683432e+00 1.574317403879903488e+00 -1.026529740881789721e+00
1.463614012182028912e+00 5.577914656032063601e-01 -3.069872027099230238e-01 -6.676492976431309678e-01 -6.044026663129737909e-01 1.447973473200697248e+00 1.556331680922754090e+00 -1.008505077704330510e+00
1.445375373653830398e+00 5.219922140880157713e-01 -3.153805556788560338e-01 -6.647622836686868375e-01 -6.010313194419159011e-01 1.401501852478711063e+00 1.538345957965604915e+00 -9.904804145268715221e-01
1.427136735125632105e+00 4.861929625728251825e-01 -3.237739086477890438e-01 -6.618752696942428182e-01 -5.976599725708580113e-01 1.355030231756724657e+00 1.520360235008455518e+00 -9.724557513494125338e-01
1.408898096597433591e+00 4.503937110576346492e-01 -3.321672616167220538e-01 -6.589882557197987989e-01 -5.942886256998001215e-01 1.308558611034738473e+00 1.502374512051306343e+00 -9.544310881719534345e-01
1.390659458069235299e+00 4.145944595424441159e-01 -3.405606145856550637e-01 -6.561012417453546686e-01 -5.909172788287421207e-01 1.262086990312752288e+00 1.484388789094157168e+00 -9.364064249944943352e-01
1.372420819541036785e+00 3.787952080272535271e-01 -3.489539675545880737e-01 -6.532142277709106493e-01 -5.875459319576842310e-01 1.215615369590766104e+00 1.466403066137007771e+00 -9.183817618170353470e-01
1.345523713829699597e+00 4.036786781067718821e-01 -3.273096218238065735e-01 -6.406264274041623130e-01 -5.888061986216764909e-01 1.190672921396856987e+00 1.437719959587831386e+00 -9.001672560393482181e-01
1.318626608118362187e+00 4.285621481862901816e-01 -3.056652760930250734e-01 -6.280386270374140878e-01 -5.900664652856688619e-01 1.165730473202947648e+00 1.409036853038655002e+00 -8.819527502616612002e-01
1.291729502407024999e+00 4.534456182658085366e-01 -2.840209303622435733e-01 -6.154508266706657515e-01 -5.913267319496611218e-01 1.140788025009038531e+00 1.380353746489478617e+00 -8.637382444839740714e-01
1.264832396695687589e+00 4.783290883453268361e-01 -2.623765846314620731e-01 -6.028630263039174153e-01 -5.925869986136534928e-01 1.115845576815129192e+00 1.351670639940302232e+00 -8.455237387062870535e-01
1.237935290984350400e+00 5.032125584248452466e-01 -2.407322389006805174e-01 -5.902752259371690791e-01 -5.938472652776457528e-01 1.090903128621220075e+00 1.322987533391125847e+00 -8.273092329285999247e-01
1.211038185273012990e+00 5.280960285043635460e-01 -2.190878931698990451e-01 -5.776874255704208538e-01 -5.951075319416381237e-01 1.065960680427310736e+00 1.294304426841949462e+00 -8.090947271509127958e-01
1.184141079561675802e+00 5.529794985838818455e-01 -1.974435474391175172e-01 -5.650996252036725176e-01 -5.963677986056303837e-01 1.041018232233401619e+00 1.265621320292773078e+00 -7.908802213732257780e-01
1.157243973850338392e+00 5.778629686634001450e-01 -1.757992017083360170e-01 -5.525118248369241813e-01 -5.976280652696227547e-01 1.016075784039492280e+00 1.236938213743596915e+00 -7.726657155955386491e-01
1.130346868139001204e+00 6.027464387429184445e-01 -1.541548559775545169e-01 -5.399240244701758451e-01 -5.988883319336150146e-01 9.911333358455831632e-01 1.208255107194420308e+00 -7.544512098178516313e-01
1.103449762427663794e+00 6.276299088224368550e-01 -1.325105102467729890e-01 -5.273362241034276199e-01 -6.001485985976073856e-01 9.661908876516739353e-01 1.179572000645244145e+00 -7.362367040401645024e-01
1.076552656716326606e+00 6.525133789019551545e-01 -1.108661645159914888e-01 -5.147484237366792836e-01 -6.014088652615996455e-01 9.412484394577647073e-01 1.150888894096067760e+00 -7.180221982624774846e-01
1.049655551004989196e+00 6.773968489814734539e-01 -8.922181878521001641e-02 -5.021606233699309474e-01 -6.026691319255920165e-01 9.163059912638554794e-01 1.122205787546891376e+00 -6.998076924847903557e-01
1.022758445293652008e+00 7.022803190609918644e-01 -6.757747305442846075e-02 -4.895728230031826111e-01 -6.039293985895842765e-01 8.913635430699462514e-01 1.093522680997714991e+00 -6.815931867071032269e-01
9.958613395823145975e-01 7.271637891405101639e-01 -4.593312732364696060e-02 -4.769850226364343304e-01 -6.051896652535765364e-01 8.664210948760370234e-01 1.064839574448538606e+00 -6.633786809294162090e-01
9.689642338709774094e-01 7.520472592200284634e-01 -2.428878159286546046e-02 -4.643972222696860497e-01 -6.064499319175689074e-01 8.414786466821277955e-01 1.036156467899362221e+00 -6.451641751517291912e-01
9.420671281596399993e-01 7.769307292995468739e-01 -2.644435862083960309e-03 -4.518094219029377134e-01 -6.077101985815611673e-01 8.165361984882185675e-01 1.007473361350185836e+00 -6.269496693740419513e-01
9.151700224483028112e-01 8.018141993790651734e-01 1.899990986869759535e-02 -4.392216215361893772e-01 -6.089704652455535383e-01 7.915937502943093396e-01 9.787902548010094517e-01 -6.087351635963549334e-01
8.882729167369655121e-01 8.266976694585834728e-01 4.064425559947903999e-02 -4.266338211694411520e-01 -6.102307319095457983e-01 7.666513021004002226e-01 9.501071482518330669e-01 -5.905206578186679156e-01
8.613758110256282130e-01 8.515811395381018833e-01 6.228860133026054013e-02 -4.140460208026928157e-01 -6.114909985735381692e-01 7.417088539064908836e-01 9.214240417026566821e-01 -5.723061520409807867e-01
8.344787053142909139e-01 8.764646096176201828e-01 8.393294706104209579e-02 -4.014582204359444795e-01 -6.127512652375304292e-01 7.167664057125817667e-01 8.927409351534802973e-01 -5.540916462632936579e-01
8.075815996029536148e-01 9.013480796971384823e-01 1.055772927918235404e-01 -3.888704200691961987e-01 -6.140115319015228001e-01 6.918239575186725387e-01 8.640578286043040235e-01 -5.358771404856066400e-01
7.806844938916163157e-01 9.262315497766567818e-01 1.272216385226050961e-01 -3.762826197024478625e-01 -6.152717985655150601e-01 6.668815093247633108e-01 8.353747220551276387e-01 -5.176626347079195112e-01
7.537873881802790166e-01 9.511150198561751923e-01 1.488659842533865962e-01 -3.636948193356995818e-01 -6.165320652295074311e-01 6.419390611308540828e-01 8.066916155059512539e-01 -4.994481289302324378e-01
7.268902824689417175e-01 9.759984899356934918e-01 1.705103299841680409e-01 -3.511070189689513010e-01 -6.177923318934996910e-01 6.169966129369448549e-01 7.780085089567748691e-01 -4.812336231525453645e-01
6.999931767576044184e-01 1.000881960015211902e+00 1.921546757149495965e-01 -3.385192186022029648e-01 -6.190525985574919510e-01 5.920541647430356269e-01 7.493254024075984843e-01 -4.630191173748582911e-01
6.730960710462671193e-01 1.025765430094730091e+00 2.137990214457311522e-01 -3.259314182354546285e-01 -6.203128652214843219e-01 5.671117165491263989e-01 7.206422958584220995e-01 -4.448046115971712178e-01
6.461989653349298202e-01 1.050648900174248501e+00 2.354433671765125968e-01 -3.133436178687063478e-01 -6.215731318854765819e-01 5.421692683552171710e-01 6.919591893092457147e-01 -4.265901058194840889e-01
6.193018596235924100e-01 1.075532370253766690e+00 2.570877129072941525e-01 -3.007558175019580116e-01 -6.228333985494689529e-01 5.172268201613079430e-01 6.632760827600693299e-01 -4.083756000417969600e-01
5.924047539122553330e-01 1.100415840333285100e+00 2.787320586380755971e-01 -2.881680171352097863e-01 -6.240936652134612128e-01 4.922843719673988261e-01 6.345929762108930561e-01 -3.901610942641100532e-01
5.655076482009179228e-01 1.125299310412803511e+00 3.003764043688571528e-01 -2.755802167684614501e-01 -6.253539318774535838e-01 4.673419237734895981e-01 6.059098696617166713e-01 -3.719465884864229244e-01
5.386105424895806237e-01 1.150182780492321921e+00 3.220207500996385974e-01 -2.629924164017131138e-01 -6.266141985414458437e-01 4.423994755795803702e-01 5.772267631125402865e-01 -3.537320827087357955e-01
5.117134367782433246e-01 1.175066250571840110e+00 3.436650958304201531e-01 -2.504046160349647776e-01 -6.278744652054382147e-01 4.174570273856710312e-01 5.485436565633639017e-01 -3.355175769310486666e-01
4.848163310669060255e-01 1.199949720651358520e+00 3.653094415612017087e-01 -2.378168156682164969e-01 -6.291347318694304747e-01 3.925145791917618032e-01 5.198605500141875169e-01 -3.173030711533616488e-01
4.579192253555687264e-01 1.224833190730876709e+00 3.869537872919832644e-01 -2.252290153014681606e-01 -6.303949985334228456e-01 3.675721309978525753e-01 4.911774434650110210e-01 -2.990885653756745199e-01
4.310221196442315383e-01 1.249716660810395119e+00 4.085981330227645980e-01 -2.126412149347199354e-01 -6.316552651974151056e-01 3.426296828039434583e-01 4.624943369158347473e-01 -2.808740595979875021e-01
4.041250139328942392e-01 1.274600130889913530e+00 4.302424787535461537e-01 -2.000534145679715992e-01 -6.329155318614074766e-01 3.176872346100342304e-01 4.338112303666583625e-01 -2.626595538203003732e-01
3.772279082215569401e-01 1.299483600969431718e+00 4.518868244843277093e-01 -1.874656142012232629e-01 -6.341757985253997365e-01 2.927447864161250024e-01 4.051281238174819777e-01 -2.444450480426133554e-01
3.503308025102196410e-01 1.324367071048950129e+00 4.735311702151091540e-01 -1.748778138344749822e-01 -6.354360651893919965e-01 2.678023382222157744e-01 3.764450172683055929e-01 -2.262305422649262265e-01
3.234336967988822309e-01 1.349250541128468317e+00 4.951755159458907096e-01 -1.622900134677266459e-01 -6.366963318533843674e-01 2.428598900283065465e-01 3.477619107191292080e-01 -2.080160364872390977e-01
2.965365910875450428e-01 1.374134011207986727e+00 5.168198616766722653e-01 -1.497022131009783097e-01 -6.379565985173766274e-01 2.179174418343973185e-01 3.190788041699528232e-01 -1.898015307095519688e-01
2.696394853762078547e-01 1.399017481287505138e+00 5.384642074074535989e-01 -1.371144127342300845e-01 -6.392168651813689983e-01 1.929749936404880906e-01 2.903956976207766605e-01 -1.715870249318650620e-01
2.427423796648704446e-01 1.423900951367023548e+00 5.601085531382351546e-01 -1.245266123674817482e-01 -6.404771318453612583e-01 1.680325454465789736e-01 2.617125910716002757e-01 -1.533725191541779331e-01
2.158452739535330345e-01 1.448784421446541515e+00 5.817528988690167102e-01 -1.119388120007334120e-01 -6.417373985093536293e-01 1.430900972526696346e-01 2.330294845224238909e-01 -1.351580133764908043e-01
1.889481682421958464e-01 1.473667891526059925e+00 6.033972445997982659e-01 -9.935101163398507573e-02 -6.429976651733458892e-01 1.181476490587605177e-01 2.043463779732475061e-01 -1.169435075988036754e-01
1.620510625308584363e-01 1.498551361605578336e+00 6.250415903305797105e-01 -8.676321126723685051e-02 -6.442579318373382602e-01 9.320520086485117872e-02 1.756632714240711213e-01 -9.872900182111665757e-02
1.351539568195212482e-01 1.523434831685096746e+00 6.466859360613612662e-01 -7.417541090048851427e-02 -6.455181985013305201e-01 6.826275267094206178e-02 1.469801648748947365e-01 -8.051449604342952870e-02
1.082568511081840601e-01 1.548318301764615157e+00 6.683302817921425998e-01 -6.158761053374028904e-02 -6.467784651653228911e-01 4.332030447703294485e-02 1.182970583257183517e-01 -6.229999026574251086e-02
8.135974539684664997e-02 1.573201771844133567e+00 6.899746275229241554e-01 -4.899981016699195280e-02 -6.480387318293151511e-01 1.837785628312360586e-02 8.961395177654196686e-02 -4.408548448805538200e-02
5.446263968550946188e-02 1.598085241923651534e+00 7.116189732537057111e-01 -3.641200980024361655e-02 -6.492989984933075220e-01 -6.564591910785511075e-03 6.093084522736558206e-02 -2.587097871036836416e-02
2.756553397417213849e-02 1.622968712003169944e+00 7.332633189844872668e-01 -2.382420943349524561e-02 -6.505592651572997820e-01 -3.150704010469492639e-02 3.224773867818913481e-02 -7.656472932681217952e-03
1.837879963850078818e-02 1.665322855331478280e+00 7.554837016766717817e-01 -1.589428591130872051e-02 -6.537058199567247208e-01 -2.102852185247856137e-02 2.150996162701655778e-02 -5.080811149623096212e-03
9.192065302829434403e-03 1.707676998659786616e+00 7.777040843688564076e-01 -7.964362389122195407e-03 -6.568523747561495485e-01 -1.055000360026219289e-02 1.077218457584398076e-02 -2.505149366564974472e-03
5.330967158079146710e-06 1.750031141988094952e+00 7.999244670610409225e-01 -3.443886693567037142e-05 -6.599989295555744873e-01 -7.148534804582596248e-05 3.440752467140556264e-05 7.051241649314760626e-05
